#! FIELDS time phi theta metad.bias
#! SET min_phi -pi
#! SET max_phi pi
#! SET min_theta -pi
#! SET max_theta pi
 0.000000 -1.197533 3.023596 0.000000
 1.000000 -1.529379 -1.023853 0.000000
 2.000000 -1.262934 2.740041 0.000000
 3.000000 -1.223626 -1.046217 0.681403
 4.000000 -1.742296 -2.124381 0.008740
 5.000000 -1.571333 2.414840 0.440508
 6.000000 -3.100718 -1.818398 0.000000
 7.000000 -2.278681 -3.077255 0.023623
 8.000000 -2.360871 -1.686392 0.205449
 9.000000 2.084785 -2.811334 0.000000
 10.000000 1.561005 2.058940 0.000000
 11.000001 -0.018692 -1.640637 0.000000
 12.000001 -0.184019 0.528874 0.000000
 13.000001 -1.749491 2.344875 1.061526
 14.000001 -2.454589 1.541898 0.010801
 15.000001 3.067476 2.302843 0.008998
 16.000001 1.803825 -2.977158 0.648165
 17.000001 -1.766807 2.697656 1.651566
 18.000001 -1.255411 -1.058163 1.702790
 19.000001 0.590012 1.600549 0.009040
 20.000001 1.809521 1.912691 0.712809
 21.000001 2.936242 1.947788 0.582170
 22.000001 1.587757 2.238985 1.398169
 23.000001 1.705296 -2.830710 1.413205
 24.000001 -2.898160 -1.821433 1.131731
 25.000001 -1.920052 2.689622 2.176665
 26.000001 1.684827 1.422601 0.587604
 27.000001 2.003262 1.575383 1.375448
 28.000001 2.705241 2.177708 1.247895
 29.000001 0.713320 1.434736 0.876454
 30.000001 0.968070 -1.166520 0.007507
 31.000001 2.883521 -2.215044 0.567681
 32.000002 -1.701884 -2.422538 0.762286
 33.000002 1.462565 2.645051 0.922283
 34.000002 0.888921 -1.522734 0.613139
 35.000002 -2.498758 0.354208 0.003132
 36.000002 2.632707 -1.738747 0.677489
 37.000002 1.418823 2.701640 1.704239
 38.000002 0.786025 -1.214265 1.531339
 39.000002 0.841529 -2.054207 0.422212
 40.000002 -1.953930 -1.293871 0.873594
 41.000002 0.830918 -0.436243 0.191236
 42.000002 -2.110678 -2.982311 1.364262
 43.000002 0.412344 1.658703 1.411125
 44.000002 0.917394 -0.811048 1.706654
 45.000002 -2.298358 -2.987448 2.053475
 46.000002 -1.112889 -2.250610 0.401225
 47.000002 0.070972 1.890237 0.782871
 48.000002 0.785039 1.935582 1.578449
 49.000002 1.219996 -0.387954 0.932496
 50.000002 -1.180770 -0.663514 1.386130
 51.000002 -3.119157 1.716344 1.187470
 52.000002 -0.917711 2.053066 0.257719
 53.000003 2.632297 -2.252822 1.355147
 54.000003 2.592471 -2.245169 2.226095
 55.000003 -2.013389 -1.866984 1.636343
 56.000003 -1.016742 2.499689 1.514629
 57.000003 -1.572104 -2.378217 2.238080
 58.000003 0.748441 1.831409 2.910327
 59.000003 2.027089 0.916513 0.387950
 60.000003 -1.834854 -1.710208 2.433541
 61.000003 -2.218070 0.499408 0.674542
 62.000003 -0.933630 -2.132932 1.125274
 63.000003 1.572106 -2.233338 0.517601
 64.000003 1.372304 2.032134 2.969267
 65.000003 2.644266 -2.151510 3.338253
 66.000003 -1.045268 -2.134988 2.375026
 67.000003 -2.549977 1.216905 0.848880
 68.000003 2.084685 1.683383 2.399511
 69.000003 -0.554484 0.603670 0.558189
 70.000003 -1.606536 -2.411414 3.521762
 71.000003 -3.038512 2.052330 2.276914
 72.000003 -0.994936 2.444756 2.390131
 73.000003 0.680629 -1.364631 2.632071
 74.000004 -1.946600 2.253520 2.259984
 75.000004 -0.833011 2.361053 2.632948
 76.000004 0.131905 1.735928 2.422450
 77.000004 1.754306 0.978594 1.434360
 78.000004 -2.983240 -2.096983 2.438677
 79.000004 -1.425408 -2.359028 4.344317
 80.000004 -1.547379 2.644225 4.281229
 81.000004 -2.774232 2.746272 0.740004
 82.000004 0.439146 -1.288364 2.365111
 83.000004 1.197411 -1.490545 2.215899
 84.000004 -3.010660 2.587033 1.926050
 85.000004 2.253299 1.430477 2.304457
 86.000004 -1.962906 -0.669422 0.702302
 87.000004 2.176119 1.225015 3.019983
 88.000004 -0.805885 0.083216 0.399495
 89.000004 2.160035 1.459149 4.368408
 90.000004 -0.649376 2.220837 2.446479
 91.000004 -1.651565 -2.121699 5.001992
 92.000004 -2.646522 -1.746466 2.580477
 93.000004 1.201703 2.196296 3.247473
 94.000004 0.430584 -1.162692 3.060003
 95.000005 2.354394 1.392395 4.019409
 96.000005 1.585319 2.705555 2.952406
 97.000005 -2.420773 2.753692 2.451773
 98.000005 0.349718 1.611358 4.092419
 99.000005 1.964758 -2.943646 2.753083
 100.000005 2.302234 1.421803 5.243414
 101.000005 0.557958 1.430318 4.218773
 102.000005 -2.555762 -1.929110 3.247820
 103.000005 -1.956108 -1.922085 4.647653
 104.000005 -1.061149 2.139495 3.822085
 105.000005 -1.607530 -2.829130 2.842545
 106.000005 1.777610 -2.562477 2.785645
 107.000005 -2.223499 -1.760634 4.644134
 108.000005 -1.727435 -1.905380 5.804835
 109.000005 1.165688 -0.891171 2.889756
 110.000005 0.861461 -1.411328 5.176310
 111.000005 -1.650710 -2.577865 5.465409
 112.000005 2.444532 -2.116501 3.531866
 113.000005 -2.573615 1.384656 2.026153
 114.000005 2.099122 1.213166 5.871705
 115.000005 -0.178687 1.854991 2.305857
 116.000006 2.798076 1.372140 2.323039
 117.000006 0.703392 -1.621504 4.550029
 118.000006 1.640889 -2.341512 2.607264
 119.000006 -2.237504 -2.941426 3.733251
 120.000006 -1.815339 -2.671033 5.561557
 121.000006 -2.166806 2.970233 4.667115
 122.000006 -0.736010 -2.081043 2.196709
 123.000006 0.915298 2.066289 3.816670
 124.000006 -2.851736 -1.959583 4.567052
 125.000006 -1.802928 -2.634527 6.626550
 126.000006 -2.531887 -1.625878 4.768964
 127.000006 -1.894974 -2.609322 7.070490
 128.000006 -1.773013 -1.099993 3.117211
 129.000006 -2.807289 2.008550 2.781981
 130.000006 2.141173 1.154521 6.326255
 131.000006 0.322150 1.386195 4.365383
 132.000006 1.689667 2.071660 4.990207
 133.000006 0.713229 1.791522 6.141700
 134.000006 0.132103 1.562304 5.274399
 135.000006 1.496214 3.066311 3.128450
 136.000006 -1.982531 -1.767005 6.729290
 137.000007 -0.955621 -2.101691 4.356594
 138.000007 -2.453122 -1.780344 6.613499
 139.000007 2.632554 -2.277158 4.889808
 140.000007 1.262860 -0.313328 1.852931
 141.000007 -1.755276 -0.489643 1.629121
 142.000007 0.099746 1.329441 4.171319
 143.000007 -2.079167 1.465198 1.352787
 144.000007 -2.684102 -1.774809 6.776611
 145.000007 -1.952572 2.356926 4.321875
 146.000007 -0.714488 -1.964303 3.310644
 147.000007 -2.462814 -1.658989 7.471350
 148.000007 2.354532 -2.168057 4.612037
 149.000007 0.573074 1.477463 7.280653
 150.000007 -0.942278 2.450174 5.187043
 151.000007 0.149658 1.693372 7.200966
 152.000007 1.619608 3.081794 4.320937
 153.000007 2.406466 -2.297417 5.644398
 154.000007 -1.817384 -2.660980 7.986245
 155.000007 -2.757370 1.457118 3.309580
 156.000007 -2.840747 2.941657 2.571223
 157.000007 2.014953 2.321653 2.948552
 158.000008 -1.611380 -2.171940 9.065362
 159.000008 -1.410033 -3.058220 3.610413
 160.000008 -0.426328 0.203749 1.506351
 161.000008 -3.138192 -1.486513 3.056114
 162.000008 2.661231 -2.288352 6.828655
 163.000008 2.256159 -2.536212 5.245608
 164.000008 -0.544633 0.427820 2.609400
 165.000008 -0.359016 0.707050 2.685770
 166.000008 1.151587 -1.232794 4.940500
 167.000008 -1.368974 3.127777 4.046233
 168.000008 -2.038462 -2.975342 7.256303
 169.000008 -2.868328 -1.989124 7.068883
 170.000008 2.043131 1.069030 6.283271
 171.000008 -0.538299 1.316111 1.200440
 172.000008 -1.684013 -2.774332 8.992587
 173.000008 0.245094 2.141733 3.853859
 174.000008 1.806378 1.723869 6.508057
 175.000008 0.619158 1.446090 7.819753
 176.000008 -2.698557 2.770783 4.182155
 177.000008 3.124166 2.568717 3.709750
 178.000008 2.823530 -2.146616 7.612294
 179.000009 0.734259 1.793877 8.264468
 180.000009 1.736539 2.008291 6.781332
 181.000009 3.017706 -2.090813 7.535587
 182.000009 0.120913 1.225647 5.294727
 183.000009 2.242860 -2.486494 6.376009
 184.000009 2.684578 -1.867214 7.027940
 185.000009 2.109116 1.827882 6.868353
 186.000009 -2.613892 -2.438892 3.378970
 187.000009 -0.334207 0.826162 3.517260
 188.000009 -1.163667 2.667688 5.785648
 189.000009 0.131803 1.262412 6.739437
 190.000009 1.332336 2.542533 5.221022
 191.000009 -2.178482 -1.629386 8.055896
 192.000009 1.523039 0.232634 0.530267
 193.000009 0.123702 -1.531630 2.530238
 194.000009 0.809247 1.828630 8.329993
 195.000009 2.677997 -2.355613 8.969278
 196.000009 -1.348471 -0.820182 3.870679
 197.000009 -2.234971 -2.301177 6.631808
 198.000009 -2.939038 -2.079791 8.278895
 199.000009 0.784508 -1.163962 7.023254
 200.000009 2.193445 -2.494387 7.226973
 201.000010 1.703399 2.203918 7.514909
 202.000010 2.397675 1.652900 6.701740
 203.000010 1.173030 2.333246 6.108880
 204.000010 -0.192129 1.429167 5.464852
 205.000010 -2.500598 3.048976 5.834818
 206.000010 -2.556323 0.333002 1.594708
 207.000010 -1.148589 -2.240598 7.130124
 208.000010 2.040111 -2.598938 7.117915
 209.000010 2.331024 2.100589 4.502991
 210.000010 1.453872 2.788046 6.081370
 211.000010 -1.420708 -2.410036 9.893820
 212.000010 1.655504 0.484686 1.626431
 213.000010 -2.723496 2.997424 5.455893
 214.000010 -0.837508 2.253217 5.904727
 215.000010 3.002129 2.325432 4.842684
 216.000010 -1.112011 -0.611134 2.907575
 217.000010 0.417973 1.590350 11.611906
 218.000010 0.573696 1.515682 11.346111
 219.000010 0.735118 -1.448491 7.519561
 220.000010 -2.659229 -1.666834 9.188982
 221.000010 -0.382699 2.057842 3.990605
 222.000011 2.427858 2.246808 4.128230
 223.000011 -1.607842 -0.832028 5.009521
 224.000011 -1.656106 -2.762823 10.153510
 225.000011 -1.877893 -1.207987 5.253103
 226.000011 0.805132 -1.121344 8.037250
 227.000011 -1.456242 -2.253899 10.880691
 228.000011 -1.827669 -2.667403 11.580940
 229.000011 2.939268 2.280961 5.795651
 230.000011 3.016266 1.825719 5.442242
 231.000011 -0.905623 0.135034 2.221311
 232.000011 1.630353 1.510329 6.439782
 233.000011 1.944017 1.047436 7.145092
 234.000011 1.648643 3.087511 6.090816
 235.000011 2.801953 2.104595 6.777441
 236.000011 1.887405 1.193100 8.742356
 237.000011 2.711734 -2.046559 10.344441
 238.000011 3.000726 1.956682 7.418811
 239.000011 -2.988653 -2.600267 3.450223
 240.000011 2.965344 -2.837230 2.695733
 241.000011 2.082352 0.767799 4.984428
 242.000011 -0.898461 -0.692000 2.886678
 243.000012 0.810213 1.616094 9.945106
 244.000012 1.262280 -0.390030 3.283665
 245.000012 0.637846 -0.840159 5.292266
 246.000012 -0.677514 0.210329 4.122130
 247.000012 1.851496 1.232002 9.612926
 248.000012 1.769405 3.106077 6.656719
 249.000012 -0.482272 0.557073 5.462374
 250.000012 -1.388615 -0.696115 5.943812
 251.000012 1.657870 2.263307 9.016726
 252.000012 -0.423929 0.806292 5.402290
 253.000012 -0.992622 2.852370 4.664476
 254.000012 1.595695 2.530415 8.791041
 255.000012 3.025089 2.397587 7.424216
 256.000012 -2.078961 -2.880060 9.729302
 257.000012 -2.174282 -1.570729 8.957447
 258.000012 2.131982 -2.605835 8.309982
 259.000012 -2.793712 1.821240 5.201699
 260.000012 -1.514452 -2.488412 12.488061
 261.000012 2.229173 -2.771022 7.639546
 262.000012 2.005979 -2.621528 9.250765
 263.000012 2.355726 -2.503953 10.768383
 264.000013 -1.395427 -1.442536 4.484988
 265.000013 -1.010251 -2.095213 7.515000
 266.000013 0.076955 1.578471 10.376289
 267.000013 1.448078 -1.788978 2.288557
 268.000013 0.408581 -1.197870 6.529370
 269.000013 -1.580407 -0.868312 7.232013
 270.000013 0.672306 -1.039757 8.738507
 271.000013 -0.951328 -0.068458 3.428456
 272.000013 1.564438 -2.762896 6.487999
 273.000013 -1.712694 -2.494497 13.866831
 274.000013 -2.487949 3.095955 7.655038
 275.000013 -0.148448 1.912864 6.627986
 276.000013 2.510287 -2.283559 12.385315
 277.000013 2.022814 -2.939497 8.935329
 278.000013 -2.256380 1.180112 2.825681
 279.000013 2.631141 -2.243032 12.964347
 280.000013 0.851473 1.542666 9.609416
 281.000013 -0.332534 0.954618 5.778280
 282.000013 -0.938501 -0.338001 4.116580
 283.000013 1.668244 -2.859298 9.012118
 284.000013 -0.496633 0.950894 5.926724
 285.000014 -1.128341 -0.491320 5.957443
 286.000014 -2.462039 -1.561986 9.532392
 287.000014 -2.070806 -1.265247 6.897119
 288.000014 2.838825 -2.295174 11.863225
 289.000014 1.668133 -2.278541 5.880235
 290.000014 1.733286 -1.116820 1.057123
 291.000014 2.243913 -2.588548 12.205748
 292.000014 -1.940287 -1.313880 8.198521
 293.000014 -2.382481 3.114363 8.884622
 294.000014 -0.549512 -1.890705 3.415144
 295.000014 3.038316 -2.125032 11.259214
 296.000014 -2.548120 2.817915 7.957479
 297.000014 -2.713944 1.533588 5.431582
 298.000014 2.291481 1.384432 10.399581
 299.000014 -0.290046 -1.742783 2.742661
 300.000014 -2.441729 -1.767160 11.992393
 301.000014 -2.756249 2.785922 8.015000
 302.000014 0.047983 1.182626 8.262718
 303.000014 -3.072237 -2.007073 11.151235
 304.000014 2.793378 2.018384 8.548368
 305.000014 2.426921 -2.359761 14.177308
 306.000015 1.587250 2.020571 10.175572
 307.000015 -2.109847 -2.918504 11.114535
 308.000015 2.296546 -2.123735 11.510725
 309.000015 -2.177139 0.892732 2.489999
 310.000015 2.712313 -2.394440 13.897192
 311.000015 1.868948 1.578277 11.393316
 312.000015 0.627871 -1.361469 9.879242
 313.000015 -2.454916 -1.895195 12.197269
 314.000015 1.735623 1.078455 8.270056
 315.000015 0.899013 -0.757522 7.102730
 316.000015 1.695863 0.310728 2.608112
 317.000015 -2.821869 -1.848759 12.312448
 318.000015 -1.153253 2.138624 5.962227
 319.000015 -1.394900 2.611854 7.757079
 320.000015 -2.772987 -1.679484 11.912793
 321.000015 -1.175351 -0.603781 7.450930
 322.000015 1.667187 1.928149 11.122450
 323.000015 1.685509 0.784156 5.963096
 324.000015 -2.449754 2.971579 10.212268
 325.000015 1.977053 -2.306248 10.462309
 326.000015 0.560270 -1.348433 10.175083
 327.000016 1.968159 -2.764323 12.485003
 328.000016 -1.106906 -2.220858 9.641714
 329.000016 1.497398 2.819176 8.804637
 330.000016 0.530340 -1.404678 10.186499
 331.000016 -0.758982 -2.054100 7.127586
 332.000016 0.917269 -0.840277 8.844316
 333.000016 -1.156354 -0.513396 7.623994
 334.000016 -0.555766 -1.993333 5.879017
 335.000016 2.764963 -2.087739 14.780104
 336.000016 -1.825225 -1.865822 11.106375
 337.000016 0.237010 -1.376384 7.155860
 338.000016 -0.475851 1.003507 6.753331
 339.000016 -2.708821 2.675310 8.724601
 340.000016 2.120517 -2.256017 12.524874
 341.000016 -0.917927 1.260598 2.053034
 342.000016 1.322097 -1.284050 6.043659
 343.000016 -0.676143 0.198751 6.404861
 344.000016 1.005463 1.971505 9.018937
 345.000016 1.645057 3.010280 9.692048
 346.000016 0.711942 1.668919 13.029191
 347.000016 -2.274726 -0.243591 1.161802
 348.000017 2.719784 1.987422 8.889908
 349.000017 -2.749854 2.820524 9.872917
 350.000017 -2.191636 -1.447612 10.833504
 351.000017 -2.199461 -1.673313 13.638535
 352.000017 1.572122 -2.939630 9.898120
 353.000017 0.226182 -1.673332 5.832715
 354.000017 -0.698401 0.735799 6.927851
 355.000017 2.056132 -2.743662 13.838113
 356.000017 1.988430 1.482196 13.339413
 357.000017 2.211629 1.236073 12.249378
 358.000017 -2.420710 -1.951745 13.453097
 359.000017 2.945530 2.071480 10.426587
 360.000017 -2.007993 2.409605 6.052359
 361.000017 1.919319 -2.527442 13.908694
 362.000017 1.731351 0.238854 3.415845
 363.000017 2.555831 1.959313 9.408579
 364.000017 2.931176 -2.188656 14.471283
 365.000017 -1.379178 2.574363 8.680288
 366.000017 -1.490238 -2.419260 14.173664
 367.000017 1.688181 2.990762 10.763434
 368.000017 -0.318829 1.586836 7.117374
 369.000018 -1.209335 -0.822934 9.103891
 370.000018 0.566304 -1.348750 12.511307
 371.000018 2.259793 -2.268084 15.566956
 372.000018 -2.585937 0.836083 3.150875
 373.000018 -0.497897 -1.968999 6.197669
 374.000018 -0.202351 -1.722403 5.143841
 375.000018 1.899257 1.305134 13.625344
 376.000018 2.478590 -2.462072 16.620672
 377.000018 -0.456786 0.669969 9.310995
 378.000018 3.099595 -2.072749 13.852300
 379.000018 -3.062107 -2.009727 13.942747
 380.000018 -3.036732 2.418150 9.546024
 381.000018 1.207776 2.091743 9.951252
 382.000018 0.979448 -0.951550 10.687362
 383.000018 -1.593347 -3.000014 9.997172
 384.000018 0.194939 -1.556157 8.065614
 385.000018 -2.136791 2.441469 6.778881
 386.000018 -1.468684 2.279383 7.677532
 387.000018 -0.004447 0.521487 4.681518
 388.000018 1.306502 2.286459 10.888574
 389.000018 1.690982 2.865068 10.924331
 390.000019 2.406229 -2.374967 18.025668
 391.000019 1.713099 0.672096 6.637794
 392.000019 -2.178216 2.976974 11.332427
 393.000019 -1.596282 -2.418706 15.524311
 394.000019 -2.740469 2.644379 10.513852
 395.000019 -0.851181 -2.027525 9.701872
 396.000019 -2.663673 2.744066 11.826073
 397.000019 -2.105526 1.523227 3.649464
 398.000019 -1.608284 -3.025684 10.767369
 399.000019 -1.941457 -1.800624 13.156847
 400.000019 -2.074447 -1.451964 12.229750
 401.000019 0.594738 1.426963 12.821940
 402.000019 -0.852186 -0.870403 5.418571
 403.000019 -1.676211 -2.575889 16.193253
 404.000019 -1.877290 -1.409803 11.275156
 405.000019 1.971696 1.121316 13.526914
 406.000019 3.004058 -1.869550 13.302963
 407.000019 2.073949 -2.883526 13.580617
 408.000019 1.560953 -1.046634 3.908119
 409.000019 0.142756 -1.882833 5.255289
 410.000019 -2.971635 1.632475 7.183822
 411.000020 -0.211766 1.593567 9.168983
 412.000020 -1.220242 -2.282290 13.024353
 413.000020 -1.965825 -2.729184 14.432014
 414.000020 1.333483 -0.626438 5.739687
 415.000020 0.061667 1.270155 11.136865
 416.000020 0.236587 0.769908 4.449705
 417.000020 1.474153 2.817168 11.360387
 418.000020 0.234948 0.586103 3.872083
 419.000020 1.261338 2.442620 10.725023
 420.000020 2.369496 1.531837 12.068796
 421.000020 -0.577702 -0.125259 5.068988
 422.000020 2.418119 -2.589434 16.123391
 423.000020 -1.841370 -1.169583 9.963842
 424.000020 -2.413686 -3.041608 11.936445
 425.000020 -0.016186 -1.649358 7.474683
 426.000020 -0.313446 0.456612 9.317239
 427.000020 -3.138361 2.038428 11.354548
 428.000020 1.902142 -2.303132 12.527166
 429.000020 -1.411385 2.374099 9.439823
 430.000020 2.054768 2.492985 6.818759
 431.000020 -2.914025 2.620652 11.290009
 432.000021 0.195028 -0.286760 0.933157
 433.000021 1.704284 1.703580 12.658203
 434.000021 1.042313 2.226919 9.850616
 435.000021 -0.910647 2.418617 9.118379
 436.000021 -2.938450 2.852019 10.741778
 437.000021 1.337067 -0.617412 6.448415
 438.000021 -0.284600 2.021075 6.759944
 439.000021 2.813185 -1.992957 16.039044
 440.000021 -2.071032 -1.462801 13.838936
 441.000021 -1.906598 2.575539 9.727481
 442.000021 1.148820 -0.472136 7.310588
 443.000021 2.571299 -2.510730 16.904086
 444.000021 -1.172756 0.804742 1.968093
 445.000021 0.187606 0.266954 3.380794
 446.000021 1.657018 0.232494 4.785903
 447.000021 -1.567383 -2.337816 16.876359
 448.000021 2.177275 2.208946 8.845254
 449.000021 -2.050147 -2.598992 13.822963
 450.000021 0.923721 -2.726525 1.177578
 451.000021 -1.863349 -2.749305 16.529217
 452.000021 -1.700331 -2.044971 14.887188
 453.000022 2.055558 -2.838282 15.459446
 454.000022 -0.555615 -1.951265 8.612840
 455.000022 -1.017795 -2.162037 12.404132
 456.000022 -2.795974 2.730198 13.187016
 457.000022 -0.534672 1.351255 7.078682
 458.000022 -1.905316 -2.519708 16.964178
 459.000022 -0.443928 0.486772 10.969196
 460.000022 1.385837 2.624884 12.445263
 461.000022 -1.869211 -2.091389 15.826903
 462.000022 1.680816 -0.808232 4.003510
 463.000022 -1.557980 -2.445991 18.839979
 464.000022 -3.048019 -1.649056 11.196393
 465.000022 -2.303769 1.654693 5.411309
 466.000022 1.418680 -0.141710 5.203981
 467.000022 -1.305527 3.118715 8.036501
 468.000022 1.501252 -2.350680 7.437620
 469.000022 1.705378 3.098128 13.650009
 470.000022 2.249771 -2.565225 18.840223
 471.000022 -1.085560 -2.194778 13.686448
 472.000022 -1.438438 -1.051071 10.083183
 473.000022 -0.713181 2.106301 7.743231
 474.000023 2.363776 1.428887 12.905068
 475.000023 -2.768630 2.651953 13.515598
 476.000023 -2.186139 1.840455 5.004149
 477.000023 2.189786 2.710199 5.640470
 478.000023 2.234443 -2.698718 17.597036
 479.000023 2.103932 -2.611845 19.315391
 480.000023 0.350958 -1.284959 11.556129
 481.000023 0.474663 1.169262 9.860369
 482.000023 0.715697 1.795963 13.956995
 483.000023 2.463564 -2.508596 19.514864
 484.000023 -0.111055 1.249921 11.728846
 485.000023 -2.189252 1.807320 5.876497
 486.000023 2.583708 1.829337 11.225362
 487.000023 -2.438613 2.532579 11.076937
 488.000023 -1.090595 -0.387563 8.269975
 489.000023 1.552342 -2.131048 6.874527
 490.000023 -2.378999 0.761054 4.298406
 491.000023 1.684116 1.947263 13.977464
 492.000023 -2.270014 -2.914526 13.645043
 493.000023 -1.666436 -2.569013 19.715987
 494.000023 -2.577975 1.848553 7.874188
 495.000024 -1.209473 2.030264 7.147322
 496.000024 -1.653306 -2.547438 20.212470
 497.000024 0.022516 -1.478559 8.679309
 498.000024 -2.117112 1.805057 6.686898
 499.000024 -1.486208 -2.323377 19.348510
 500.000024 -1.742975 -2.555831 20.847372
 501.000024 2.952711 -3.034004 4.361432
 502.000024 2.371323 -2.635181 18.776805
 503.000024 -1.923518 -2.607019 19.153961
 504.000024 0.284362 0.585798 5.257495
 505.000024 2.697413 1.955542 12.178986
 506.000024 2.530800 2.263732 9.926329
 507.000024 -1.632474 -2.141033 18.671976
 508.000024 2.175885 -2.765868 18.450616
 509.000024 2.156612 1.425036 16.417286
 510.000024 2.538599 -2.462826 20.522553
 511.000024 -1.823301 -3.106141 14.350054
 512.000024 1.568441 3.024513 13.865683
 513.000024 -2.295509 -1.587014 15.955946
 514.000024 0.855579 1.918966 12.769970
 515.000024 -2.258521 0.643600 4.524632
 516.000025 2.006638 2.465940 10.016708
 517.000025 -1.812155 -1.986960 17.092208
 518.000025 0.968263 -1.120916 13.495357
 519.000025 1.281150 1.997619 13.145233
 520.000025 2.511087 -2.254624 21.526471
 521.000025 1.414600 2.470802 14.647501
 522.000025 -3.062968 2.641909 12.430474
 523.000025 -0.171579 0.644427 11.212927
 524.000025 2.946925 3.010039 5.677305
 525.000025 -1.878326 -1.266006 12.322347
 526.000025 -2.508023 1.847279 8.736697
 527.000025 1.321231 -0.055495 5.607518
 528.000025 1.938106 -0.580342 2.154849
 529.000025 2.427459 -2.313006 22.310445
 530.000025 1.386923 2.272591 15.426334
 531.000025 -0.686338 -1.927665 10.520412
 532.000025 -0.798166 2.328434 9.823423
 533.000025 -0.507340 2.110576 8.123909
 534.000025 1.470004 -2.117478 6.761682
 535.000025 -0.890139 -2.043889 13.130082
 536.000025 3.083641 -2.149070 16.314716
 537.000026 0.369246 0.101263 2.861653
 538.000026 3.116455 -2.023119 16.748107
 539.000026 0.411350 -1.397574 13.514811
 540.000026 -2.854844 2.786949 14.932617
 541.000026 -3.069491 -2.093301 16.333873
 542.000026 -1.877557 -2.710742 20.239035
 543.000026 2.120377 -2.626946 21.383784
 544.000026 -1.390886 -0.983169 11.227420
 545.000026 2.621767 2.232153 11.782922
 546.000026 1.600103 2.637713 15.406772
 547.000026 1.213340 -1.486387 8.601551
 548.000026 2.234603 -2.287751 21.015278
 549.000026 -0.716204 1.234538 6.719935
 550.000026 -3.027775 1.660317 9.560714
 551.000026 -1.893754 -2.756793 20.149555
 552.000026 -1.430127 -2.380252 20.470598
 553.000026 1.199467 -0.425409 8.839793
 554.000026 2.029364 1.286735 16.764759
 555.000026 -2.027574 -0.593159 4.601082
 556.000026 2.673190 -2.190027 21.946994
 557.000026 1.766654 0.154454 5.652473
 558.000027 -0.868306 -0.112905 7.609048
 559.000027 -0.621326 0.268388 10.274675
 560.000027 0.058602 0.605706 9.426000
 561.000027 0.974248 -1.874342 6.236877
 562.000027 -1.660860 -1.231254 12.120964
 563.000027 2.970817 2.257216 14.263733
 564.000027 2.272053 1.331428 15.687901
 565.000027 1.769020 -2.836545 17.285537
 566.000027 1.625838 2.175594 16.368857
 567.000027 3.093169 -2.036269 18.059192
 568.000027 -2.250518 1.130482 6.688378
 569.000027 0.028834 1.057477 12.082361
 570.000027 -0.277901 -1.707418 8.487602
 571.000027 3.121754 1.863713 13.052800
 572.000027 2.546663 -2.494609 21.957247
 573.000027 -1.205626 -2.266374 17.231735
 574.000027 -0.665864 1.304532 7.790554
 575.000027 -1.034045 2.439147 12.036937
 576.000027 2.307812 -2.694962 20.831145
 577.000027 -1.841465 2.203262 8.751351
 578.000027 1.526088 -2.055134 7.841173
 579.000028 -2.561822 2.986734 15.719690
 580.000028 -0.220237 0.990001 13.257777
 581.000028 0.655498 1.064802 7.319746
 582.000028 2.881275 2.028406 15.365164
 583.000028 -2.134861 0.983204 6.000839
 584.000028 0.053364 0.866638 12.109945
 585.000028 1.963457 1.063681 14.780550
 586.000028 0.940708 1.971604 13.438615
 587.000028 2.610552 1.846946 14.139959
 588.000028 1.779756 1.242160 14.854502
 589.000028 1.398974 3.070272 12.405677
 590.000028 1.215997 -0.549668 10.247725
 591.000028 -0.513508 0.424552 12.693000
 592.000028 -0.987364 -0.237842 8.739993
 593.000028 -1.528783 -2.515387 22.220988
 594.000028 1.060139 2.260942 12.793354
 595.000028 1.646328 -0.306540 6.439391
 596.000028 2.795226 2.637107 8.735649
 597.000028 -1.600359 -2.155005 20.680848
 598.000028 -1.520824 -1.232795 11.627723
 599.000028 -2.519071 2.474406 12.471898
 600.000028 -0.048964 1.078497 14.179246
 601.000029 2.449569 -2.658271 20.343971
 602.000029 1.566807 2.525748 16.928394
 603.000029 0.902123 1.945985 14.506503
 604.000029 2.698068 2.155894 15.232925
 605.000029 -2.693114 1.774062 10.862104
 606.000029 1.267794 -0.688372 11.246343
 607.000029 -2.033549 -1.334443 14.528405
 608.000029 -2.663207 -1.607732 14.775141
 609.000029 0.591061 -1.185774 15.390179
 610.000029 -1.070433 -2.197459 16.288670
 611.000029 -2.173076 -1.978339 16.782846
 612.000029 1.647700 -2.887407 16.181200
 613.000029 -1.354754 -2.304241 20.933115
 614.000029 -0.129649 0.922194 14.750133
 615.000029 3.081165 -1.995423 18.527814
 616.000029 0.208267 1.773204 14.450290
 617.000029 0.642262 1.452819 15.768711
 618.000029 2.225991 -1.854121 9.448244
 619.000029 1.467473 -1.753027 6.556372
 620.000029 -0.924498 -0.104066 9.197466
 621.000029 0.084398 0.968471 14.042734
 622.000030 -2.645836 2.754121 17.014170
 623.000030 -0.784798 -2.018599 13.712499
 624.000030 -2.079147 0.139907 2.598272
 625.000030 0.795537 -1.006914 15.133351
 626.000030 -1.137981 2.601403 11.995742
 627.000030 -2.227953 0.468693 5.493557
 628.000030 2.007429 1.210564 17.850855
 629.000030 2.309433 -2.084280 18.655965
 630.000030 1.290931 2.419109 16.216182
 631.000030 -2.484131 2.983379 16.888338
 632.000030 1.860308 0.577175 8.371474
 633.000030 -1.772001 -2.669307 22.896655
 634.000030 1.480149 -2.923121 13.321116
 635.000030 -0.849432 2.478267 11.466093
 636.000030 2.347811 2.138368 13.159839
 637.000030 2.449023 -2.547305 23.584199
 638.000030 -2.968892 2.527851 16.073793
 639.000030 1.053600 -0.532972 11.465325
 640.000030 2.655031 1.996443 16.247019
 641.000030 1.122700 -0.508616 12.149278
 642.000030 -1.664993 -1.325343 13.582981
 643.000031 -2.584831 1.411368 9.977070
 644.000031 1.689134 -1.091512 5.669793
 645.000031 2.713898 2.028197 17.106391
 646.000031 -2.212237 -3.047983 16.859056
 647.000031 1.212089 2.389192 15.694484
 648.000031 -1.334752 -0.765412 12.851809
 649.000031 1.983665 1.177599 18.030239
 650.000031 1.465168 -0.011116 8.209645
 651.000031 -1.750095 -1.133833 14.251344
 652.000031 -1.299844 1.431773 2.184580
 653.000031 -1.872440 2.196573 9.553944
 654.000031 -2.604937 3.068771 16.443420
 655.000031 1.730007 -3.036744 17.968649
 656.000031 -1.788025 -2.998184 17.906787
 657.000031 -1.229372 -0.780226 13.217317
 658.000031 -1.638662 -2.174706 22.275218
 659.000031 -1.307029 2.502368 13.516226
 660.000031 1.185963 2.204612 16.676434
 661.000031 -0.266531 -1.748968 9.475097
 662.000031 -1.675835 -2.541809 25.009038
 663.000031 -2.195535 -2.588755 15.735893
 664.000032 2.315857 -2.693961 22.201334
 665.000032 -0.775125 -2.039851 14.451736
 666.000032 1.616920 2.434047 18.270395
 667.000032 -2.035151 2.157650 9.894859
 668.000032 -2.035544 -1.724568 18.910030
 669.000032 -2.809336 -1.904956 17.504318
 670.000032 -0.000986 1.775540 13.436747
 671.000032 -2.201859 -2.961002 18.138700
 672.000032 1.734300 2.724195 16.555804
 673.000032 -0.862197 0.325548 9.602795
 674.000032 -2.803810 -2.806692 8.148985
 675.000032 -2.205386 -3.053174 18.659576
 676.000032 1.095972 2.248320 15.937600
 677.000032 1.204027 -2.874479 7.294700
 678.000032 1.025275 2.158782 15.984902
 679.000032 -1.770792 -1.350786 15.909942
 680.000032 -2.806202 -1.815605 17.811598
 681.000032 -3.132723 2.851032 12.668079
 682.000032 -0.301693 0.310423 12.005426
 683.000032 2.830029 -2.144852 22.297295
 684.000032 1.922177 -3.040287 18.445813
 685.000033 0.552767 1.688553 18.258484
 686.000033 -0.548408 1.936204 9.421490
 687.000033 -2.718130 2.708992 18.791893
 688.000033 3.078439 -2.274723 18.214534
 689.000033 1.835252 1.688646 17.133918
 690.000033 -2.522555 0.939179 7.480415
 691.000033 -2.079870 -1.378778 16.949455
 692.000033 -0.215733 0.856808 16.144143
 693.000033 -2.280129 1.449293 10.397672
 694.000033 0.374303 -1.463284 14.174336
 695.000033 -2.236140 -1.409549 16.653163
 696.000033 1.161488 2.085797 17.948468
 697.000033 0.290098 -1.410323 14.004316
 698.000033 -0.318633 1.376328 13.526990
 699.000033 -1.256058 -2.094160 18.869153
 700.000033 1.664236 -0.298241 7.936708
 701.000033 -1.889638 -2.508865 23.806154
 702.000033 1.268393 2.465114 18.290238
 703.000033 -1.689717 -2.407157 26.111664
 704.000033 1.028534 1.989697 17.513393
 705.000033 1.390787 2.661422 18.547164
 706.000034 -2.289028 -2.792745 16.973353
 707.000034 -0.226525 -1.607035 9.862793
 708.000034 -0.660828 -0.039202 10.299219
 709.000034 1.012415 2.137231 17.699221
 710.000034 -0.993694 -1.954430 15.597422
 711.000034 1.277015 -0.609153 13.367841
 712.000034 -1.190007 3.022539 8.985238
 713.000034 0.911516 -1.079349 16.733928
 714.000034 1.523879 2.063882 19.719162
 715.000034 -0.731097 2.563778 9.862977
 716.000034 -0.745732 -2.003290 15.246136
 717.000034 -1.799759 -1.543122 17.784745
 718.000034 1.425719 0.093255 8.632414
 719.000034 2.471653 -1.972513 18.157336
 720.000034 -1.421371 -2.251896 23.789100
 721.000034 2.580028 -2.383522 25.604470
 722.000034 -2.075648 -2.890409 21.161541
 723.000034 -2.078759 -1.459374 19.322116
 724.000034 0.447174 1.494593 18.847762
 725.000034 -0.149494 1.971412 10.891590
 726.000034 -2.251424 -1.453475 18.399483
 727.000035 -1.002401 -2.146192 18.622680
 728.000035 -0.023592 0.970557 16.207633
 729.000035 2.455519 1.622428 15.777883
 730.000035 -2.801529 1.413471 9.942164
 731.000035 -2.127004 -2.011960 19.068716
 732.000035 -2.479367 1.061691 9.656582
 733.000035 0.614913 -2.210029 2.964704
 734.000035 -1.406984 -2.007378 19.826445
 735.000035 0.530642 1.198485 13.822004
 736.000035 -0.074002 -1.583062 11.449616
 737.000035 -1.435373 -1.076620 14.610215
 738.000035 -1.394435 -2.238567 24.323837
 739.000035 -1.360788 -3.042627 12.490967
 740.000035 -0.913525 -2.034765 18.111109
 741.000035 2.290336 1.559123 18.284161
 742.000035 0.519587 1.170999 13.938404
 743.000035 1.077582 -1.428379 13.387157
 744.000035 -2.389215 -1.846897 20.015187
 745.000035 -2.096420 -2.902610 21.392887
 746.000035 2.027131 -2.773713 22.676004
 747.000035 0.858677 1.732010 17.984189
 748.000036 2.014674 -2.833195 22.192903
 749.000036 2.174531 -2.664069 25.020525
 750.000036 -1.566553 -2.051696 22.720642
 751.000036 1.601370 2.801540 19.124962
 752.000036 0.160027 -1.419369 13.678850
 753.000036 1.975969 -2.926452 21.414799
 754.000036 -1.952362 0.976285 5.817941
 755.000036 1.908352 -2.623502 23.376132
 756.000036 1.329332 2.558661 19.788516
 757.000036 -0.477208 0.100388 11.312365
 758.000036 -2.508347 -3.122170 18.308698
 759.000036 -2.288051 -1.541940 20.358314
 760.000036 1.307215 2.629457 18.980564
 761.000036 1.031847 -0.943056 16.235548
 762.000036 -0.207741 -1.708741 12.011841
 763.000036 2.207799 1.306511 19.202730
 764.000036 -1.386078 -0.779065 14.666795
 765.000036 1.510674 2.839976 19.876731
 766.000036 -2.543050 2.587622 16.960574
 767.000036 1.164237 2.282109 20.449868
 768.000036 -2.381278 -1.534165 19.624204
 769.000037 -2.693549 -1.754577 19.450505
 770.000037 -1.647729 -2.762908 24.174144
 771.000037 1.268545 2.426642 21.558374
 772.000037 2.029539 -2.899810 22.338342
 773.000037 1.086443 -0.830505 16.008931
 774.000037 -1.842404 -2.605129 26.692385
 775.000037 -2.839216 0.697106 4.029856
 776.000037 -2.612699 1.524158 12.766482
 777.000037 1.336205 2.543748 21.808444
 778.000037 -1.603214 -2.001945 22.288976
 779.000037 1.524121 -0.116408 10.489557
 780.000037 2.394678 -2.350629 27.283574
 781.000037 2.941124 -1.635641 11.483072
 782.000037 1.364724 -0.050205 10.822094
 783.000037 0.714868 -0.811838 13.947960
 784.000037 -2.303145 0.967974 10.488613
 785.000037 0.271144 2.111210 9.668623
 786.000037 -3.121397 -1.995806 20.476171
 787.000037 -1.412127 -1.811404 16.463173
 788.000037 -0.608234 2.144079 11.365334
 789.000037 -0.365076 -1.729676 12.472259
 790.000038 1.495916 2.128979 22.045620
 791.000038 0.548259 -1.058242 16.281025
 792.000038 1.197106 -0.728305 16.049517
 793.000038 -0.142949 0.852346 17.190232
 794.000038 1.426267 -1.309495 9.837204
 795.000038 2.860985 2.098159 18.324108
 796.000038 2.087588 1.101642 17.941148
 797.000038 -1.604098 -0.560149 10.474220
 798.000038 -0.745373 0.903494 10.741187
 799.000038 -1.241980 -2.270940 23.540234
 800.000038 0.527730 1.372384 18.563648
 801.000038 -1.514852 -2.170498 26.345865
 802.000038 -1.541414 -0.515169 11.003667
 803.000038 3.044122 2.354099 17.309231
 804.000038 -1.410166 -2.132758 25.246476
 805.000038 -2.568118 2.691980 19.263177
 806.000038 -1.278082 -2.277718 25.037772
 807.000038 -1.387686 -2.356443 27.057314
 808.000038 -2.206829 1.079211 10.907625
 809.000038 -0.903446 -2.036723 19.530006
 810.000038 1.518233 2.956684 19.964788
 811.000039 1.592768 -0.438871 11.294978
 812.000039 -2.100857 0.504395 6.695254
 813.000039 1.807022 1.339124 18.279205
 814.000039 -0.713774 2.397010 12.453609
 815.000039 1.396288 2.323467 24.129067
 816.000039 1.280000 -0.258041 13.779705
 817.000039 0.756829 -1.100492 19.543150
 818.000039 -2.317303 1.283185 13.060962
 819.000039 -1.681339 -2.101415 26.090595
 820.000039 -0.210679 1.389203 16.152968
 821.000039 1.197435 2.302073 22.549837
 822.000039 2.128500 1.522934 21.099381
 823.000039 -1.220894 0.816666 3.708767
 824.000039 -1.727663 -0.140648 4.376984
 825.000039 1.615460 0.562579 9.048882
 826.000039 1.065745 2.158785 21.050657
 827.000039 1.448040 -1.126208 11.503767
 828.000039 -0.882758 1.949866 10.622476
 829.000039 2.255814 -2.591170 27.047046
 830.000039 0.144341 -1.625032 14.290451
 831.000039 2.068985 1.498614 21.800183
 832.000040 2.930421 2.206644 18.794686
 833.000040 2.847448 1.999613 19.217358
 834.000040 1.012207 2.161323 20.540049
 835.000040 -0.071648 -1.554221 13.748223
 836.000040 -2.987273 2.517029 18.419861
 837.000040 2.737080 -2.295461 25.201061
 838.000040 2.570002 1.981312 18.353383
 839.000040 2.724023 -2.299837 25.712068
 840.000040 -1.350575 2.606112 14.396592
 841.000040 1.003906 -1.382798 16.993936
 842.000040 2.013029 -2.523394 25.508881
 843.000040 0.394128 2.138206 10.689070
 844.000040 1.732511 0.585388 10.463385
 845.000040 1.615010 2.430203 23.150884
 846.000040 -2.554485 3.009551 20.422941
 847.000040 1.409857 -0.075012 12.817990
 848.000040 -1.679253 -2.047211 25.390683
 849.000040 2.017614 0.492681 8.386028
 850.000040 1.544399 0.352748 10.796333
 851.000040 -2.452099 2.891485 20.932989
 852.000040 2.479574 -2.387534 28.404931
 853.000041 1.605553 2.760579 22.129576
 854.000041 0.038839 1.655283 18.030967
 855.000041 -1.860068 -2.720089 26.531211
 856.000041 -0.684763 0.068131 12.539603
 857.000041 -1.063947 -1.973653 20.401550
 858.000041 -2.605240 3.117595 19.389697
 859.000041 0.513426 1.442041 20.464044
 860.000041 1.289149 2.496407 23.774812
 861.000041 -0.226985 1.022775 18.187036
 862.000041 -0.457812 1.740626 12.253726
 863.000041 2.805037 -2.207041 25.377456
 864.000041 -1.325033 -2.256560 27.271587
 865.000041 2.496989 -1.105538 1.022934
 866.000041 1.292037 -0.292030 15.348858
 867.000041 2.074998 -2.253922 21.938709
 868.000041 0.091543 -1.751592 13.637768
 869.000041 -1.549733 -2.465639 29.830230
 870.000041 -2.187282 -1.353457 18.700396
 871.000041 1.936624 1.147630 20.112366
 872.000041 -0.113057 1.695115 16.914933
 873.000041 -1.276848 -2.302092 26.751507
 874.000042 2.741211 -2.369550 25.543025
 875.000042 0.935584 2.112041 20.305110
 876.000042 -1.897157 -2.024407 24.103552
 877.000042 2.083900 -2.629286 27.485061
 878.000042 -1.173212 2.495292 15.844784
 879.000042 2.234330 1.559709 21.147794
 880.000042 1.519487 2.288094 25.257585
 881.000042 -0.899571 2.342101 15.987001
 882.000042 2.979126 2.299171 19.278521
 883.000042 -3.026944 -2.009417 20.745155
 884.000042 2.242927 -2.722567 26.179976
 885.000042 -2.153384 -1.481754 22.033726
 886.000042 2.508364 -2.494061 28.163344
 887.000042 1.774409 -2.647516 22.461585
 888.000042 -0.380216 0.671589 17.987319
 889.000042 3.099807 -2.096968 22.424282
 890.000042 2.830990 2.316247 18.640648
 891.000042 0.398371 -1.413229 18.387638
 892.000042 -0.026337 -1.609367 15.427665
 893.000042 1.611721 -1.927363 8.970353
 894.000042 -0.764756 -2.053504 18.794153
 895.000043 -2.162154 -1.310337 18.787598
 896.000043 -1.586383 -2.517842 30.156882
 897.000043 -1.646866 -1.636262 19.072233
 898.000043 2.681696 2.394076 15.784122
 899.000043 2.677367 -2.237543 28.260200
 900.000043 -2.529294 -2.061916 17.866071
 901.000043 1.839596 2.602918 18.409514
 902.000043 2.192975 -2.683413 28.142163
 903.000043 1.225170 2.356403 24.924212
 904.000043 -0.657399 2.288347 13.967071
 905.000043 1.633762 2.464794 24.435558
 906.000043 0.490582 1.121924 14.822341
 907.000043 -2.759635 3.112342 17.575582
 908.000043 -1.349317 -1.697831 15.650221
 909.000043 -0.938634 -2.077915 22.046965
 910.000043 1.635417 2.062052 22.425237
 911.000043 2.598120 2.108148 19.517356
 912.000043 2.434175 2.229037 16.557533
 913.000043 2.077247 0.941775 16.560005
 914.000043 -1.458451 -1.015397 16.731257
 915.000043 2.706251 2.138382 21.244570
 916.000044 -0.335079 -1.807743 14.760096
 917.000044 3.037594 1.822239 17.612998
 918.000044 -2.438134 3.049128 21.964662
 919.000044 2.058346 -2.900977 24.192050
 920.000044 -2.554722 2.952532 22.717499
 921.000044 1.414534 2.282982 27.262477
 922.000044 -1.807874 3.124425 18.237296
 923.000044 -2.234187 2.659408 16.796336
 924.000044 -2.846109 -1.911712 21.115276
 925.000044 2.494623 2.187304 18.759202
 926.000044 1.810727 3.131643 21.669282
 927.000044 2.502666 1.640394 18.703040
 928.000044 -2.609327 2.934179 23.248492
 929.000044 -1.398949 -0.629953 15.135533
 930.000044 1.918691 -3.077194 22.156930
 931.000044 2.027008 -2.100412 17.365450
 932.000044 2.230200 -2.284856 27.828409
 933.000044 -0.594656 -1.921047 17.199333
 934.000044 2.165642 1.800251 20.566258
 935.000044 0.541077 1.582597 22.225279
 936.000044 2.046711 -2.935086 24.444539
 937.000045 1.240894 -2.982688 10.913377
 938.000045 1.990236 0.847058 15.670121
 939.000045 2.264484 1.446032 22.393216
 940.000045 1.926674 0.823797 15.950609
 941.000045 -2.580817 -1.675786 21.464459
 942.000045 3.133708 1.861548 18.016537
 943.000045 -2.122253 -1.937537 23.172691
 944.000045 -2.616859 2.924600 23.628817
 945.000045 1.168004 2.339355 24.789590
 946.000045 1.319579 -1.448353 12.080793
 947.000045 -0.899431 2.382674 16.862741
 948.000045 1.679340 -1.984695 11.083293
 949.000045 2.043628 -2.345967 26.215244
 950.000045 -1.319811 -0.584318 15.266172
 951.000045 0.506122 -1.444667 19.379342
 952.000045 2.434289 1.614575 20.493810
 953.000045 3.137351 -1.985886 22.828069
 954.000045 -2.975174 -2.017269 22.168934
 955.000045 1.708804 2.580438 23.442811
 956.000045 2.195535 -2.770254 27.690990
 957.000045 -2.952245 2.570623 20.634045
 958.000046 -1.002785 -0.122178 11.482671
 959.000046 -0.866660 -2.094926 21.790759
 960.000046 0.339920 1.382965 21.764110
 961.000046 1.829015 3.052386 21.987975
 962.000046 2.121771 -2.733590 29.462025
 963.000046 -2.510101 2.466551 17.198699
 964.000046 -1.197877 2.382374 16.954363
 965.000046 1.812713 0.401694 11.798046
 966.000046 1.748578 2.231608 23.037032
 967.000046 -2.085561 -1.757329 25.086943
 968.000046 1.060471 1.720609 17.738550
 969.000046 -0.989189 -0.196653 12.457282
 970.000046 2.883903 -2.261021 25.932922
 971.000046 0.915539 1.938882 21.877498
 972.000046 1.274004 -0.817497 17.132986
 973.000046 1.771236 -3.141551 23.776108
 974.000046 1.928498 -2.889706 27.242768
 975.000046 1.850114 1.913895 20.973109
 976.000046 -1.610445 -2.358265 31.771522
 977.000046 2.505993 -2.506463 29.839555
 978.000046 -1.896893 -2.736673 27.189172
 979.000047 -1.619419 -2.389619 32.151284
 980.000047 2.492635 1.751176 21.117744
 981.000047 -2.257640 -3.001810 22.777403
 982.000047 -1.806199 -1.394789 21.295452
 983.000047 -2.439519 -3.101039 22.769173
 984.000047 -1.671130 -2.371438 32.223226
 985.000047 -1.936038 -2.090802 25.750358
 986.000047 1.690590 -3.124432 24.212297
 987.000047 -2.501131 2.786208 23.957048
 988.000047 2.739408 -2.350711 28.135398
 989.000047 3.139349 -2.064636 24.049176
 990.000047 -1.592186 -0.490963 12.251750
 991.000047 -1.521689 -2.340631 32.409345
 992.000047 0.948296 -0.781760 18.472697
 993.000047 -2.341417 -3.099889 23.856116
 994.000047 -0.012283 -1.224830 11.123077
 995.000047 0.530176 -1.374939 20.713096
 996.000047 2.359664 1.957720 21.096931
 997.000047 1.953967 1.447840 24.077780
 998.000047 -1.077599 0.487426 7.364821
 999.000047 3.095647 2.397291 20.902001
 1000.000047 1.706540 -2.588944 22.470008
 1001.000048 1.786301 0.710093 14.756130
#! FIELDS time phi theta metad.bias
#! SET min_phi -pi
#! SET max_phi pi
#! SET min_theta -pi
#! SET max_theta pi
 0.000000 0.715936 1.406347 18.736033
